Opening device 'floppie.img'
---------------------------------------
Dump of superblock on volume: User.n42
---------------------------------------
userdata area starts in block: 59
number of blocks on this volume is: 1440
number of freeblocks in free[] is: 50 (max 50)
 497 498 499 500 63 62 407 67 479 478 481 480 482 483 484 540 461 309 322 321 320 319 318 317 313 312 311 310 314 300 299 298 308 307 306 305 304 316 315 301 303 302 294 293 292 291 296 295 297 279
number of free inodes in inode[] is: 90 (max 100)
 108 107 106 105 104 103 102 101 100 99 98 97 96 95 94 93 92 91 90 89 88 87 86 85 84 83 82 81 80 79 78 77 76 75 74 73 72 71 70 69 68 67 66 65 64 63 62 61 60 59 58 57 56 55 54 53 52 51 50 49 48 47 46 45 44 43 42 41 40 39 38 37 36 35 34 33 32 31 30 29 27 26 25 24 23 22 21 20 19 18
freelist lock flag is: set
i-list lock flag is: set
superblock-modified is: set
read-only flag is: set
last update time was: Tue Mar 17 12:40:07 1987
total number of free blocks is: 1249
total number of free inodes is: 436
Interleave factors are: m=1 and n=18
File system name: User
File system pack: n42
----------------------------------------
Rest of free list continues in block 497
----------------------------------------
Freeblock 497: 50 (max 50)
 515 554 553 552 551 550 549 535 537 536 539 538 462 543 542 541 81 80 79 78 77 71 525 524 523 522 521 520 519 518 517 76 75 74 73 72 83 82 485 486 487 488 489 490 491 492 493 494 495 496
Freeblock 515: 50 (max 50)
 1354 1353 1344 463 475 474 473 472 471 470 469 468 467 466 465 464 555 516 514 572 571 570 569 568 567 566 565 564 563 562 561 560 559 558 557 556 548 547 546 534 533 532 531 530 529 528 527 526 545 544
Freeblock 1354: 50 (max 50)
 1151 1150 1149 1148 1147 1146 1145 1144 1143 1142 1141 1140 1139 1138 1137 1136 1135 1335 1334 1333 1332 1331 1330 1329 1328 1340 1339 1338 1337 1336 1343 1342 1341 1327 1131 1352 1351 1350 1349 1348 1347 1346 1345 1361 1360 1359 1358 1357 1356 1355
Freeblock 1151: 50 (max 50)
 1201 1200 1199 1198 1197 1196 1195 1194 1193 1192 1191 1190 1189 1188 1187 1186 1185 1184 1183 1182 1181 1180 1179 1178 1177 1176 1175 1174 1173 1172 1171 1170 1169 1168 1167 1166 1165 1164 1163 1162 1161 1160 1159 1158 1157 1156 1155 1154 1153 1152
Freeblock 1201: 50 (max 50)
 1251 1250 1249 1248 1247 1246 1245 1244 1243 1242 1241 1240 1239 1238 1237 1236 1235 1234 1233 1232 1231 1230 1229 1228 1227 1226 1225 1224 1223 1222 1221 1220 1219 1218 1217 1216 1215 1214 1213 1212 1211 1210 1209 1208 1207 1206 1205 1204 1203 1202
Freeblock 1251: 50 (max 50)
 1301 1300 1299 1298 1297 1296 1295 1294 1293 1292 1291 1290 1289 1288 1287 1286 1285 1284 1283 1282 1281 1280 1279 1278 1277 1276 1275 1274 1273 1272 1271 1270 1269 1268 1267 1266 1265 1264 1263 1262 1261 1260 1259 1258 1257 1256 1255 1254 1253 1252
Freeblock 1301: 50 (max 50)
 93 92 91 90 89 88 87 86 85 84 70 439 438 437 436 435 434 433 432 448 447 209 1134 1133 1132 1326 1325 1324 1323 1322 1321 1320 1319 1318 1317 1316 1315 1314 1313 1312 1311 1310 1309 1308 1307 1306 1305 1304 1303 1302
Freeblock 93: 50 (max 50)
 513 446 445 444 443 442 441 440 610 609 608 607 606 605 604 603 602 601 600 599 598 597 596 595 594 593 592 591 590 589 588 587 586 585 584 583 582 581 580 579 578 577 576 575 574 573 97 96 95 94
Freeblock 513: 50 (max 50)
 332 331 330 511 61 326 325 324 323 361 360 359 358 357 356 355 354 353 352 351 350 349 348 347 346 345 344 343 342 341 340 339 338 337 336 335 334 333 512 66 503 502 501 507 506 505 504 510 509 508
Freeblock 332: 50 (max 50)
 397 396 395 394 393 392 391 390 389 388 387 386 385 384 383 382 381 380 379 378 377 376 375 374 373 372 371 370 369 368 367 68 408 409 411 410 421 420 419 418 329 328 327 366 365 364 363 362 406 405
Freeblock 397: 50 (max 50)
 134 133 132 131 130 129 128 127 126 125 124 123 122 121 120 119 118 117 116 115 114 113 417 416 415 414 413 412 424 423 422 429 428 427 426 425 431 430 69 102 101 100 99 404 403 402 401 400 399 398
Freeblock 134: 50 (max 50)
 152 177 176 175 174 173 172 171 170 169 168 167 166 165 164 163 162 161 160 212 211 210 151 159 143 142 145 144 146 148 147 112 111 110 109 108 107 150 149 106 105 104 103 141 140 139 138 137 136 135
Freeblock 152: 50 (max 50)
 1401 1400 1399 1398 1397 1396 1395 1394 1420 1419 1418 1417 1416 1415 1414 1413 1412 1411 1410 1409 1408 1407 1406 1405 1404 1403 1393 1362 476 65 452 451 450 449 477 455 454 453 460 459 458 457 456 64 158 157 156 155 154 153
Freeblock 1401: 50 (max 50)
 1003 1002 1001 1000 999 998 997 996 995 994 993 992 991 1026 1028 1029 1030 1027 611 1372 1371 1370 1369 1368 1367 1366 1365 1364 1390 1389 1388 1387 1386 1385 1384 1383 1382 1381 1380 1379 1378 1377 1376 1375 1374 1373 1392 1391 1363 1402
Freeblock 1003: 50 (max 50)
 898 897 896 895 923 922 921 920 919 918 958 957 956 955 954 953 962 961 960 959 966 965 964 963 969 968 967 983 982 981 980 979 978 977 976 975 974 973 972 971 970 984 985 990 989 988 987 986 1005 1004
Freeblock 898: 50 (max 50)
 792 791 790 789 788 787 804 803 805 808 807 806 826 825 824 823 822 821 820 819 818 817 816 815 814 813 812 811 810 809 827 917 916 915 914 913 912 911 910 909 908 907 906 905 904 903 902 901 900 899
Freeblock 792: 50 (max 50)
 781 780 779 778 777 776 775 774 773 772 771 770 769 768 767 766 765 764 763 762 761 760 759 758 757 756 755 754 753 752 751 750 749 748 747 746 745 744 743 742 802 801 800 799 798 797 796 795 794 793
Freeblock 781: 50 (max 50)
 1049 1048 1119 1118 1117 1116 1115 1114 1113 1112 1111 1110 1109 1108 1107 1106 1105 1126 1125 1124 1123 1122 1121 1120 1130 1129 1128 1127 1031 612 730 729 728 727 735 734 733 732 731 736 740 739 738 737 741 786 785 784 783 782
Freeblock 1049: 50 (max 50)
 1099 1098 1097 1096 1095 1094 1093 1092 1091 1090 1089 1088 1087 1086 1085 1084 1083 1082 1081 1080 1079 1078 1077 1076 1075 1074 1073 1072 1071 1070 1069 1068 1067 1066 1065 1064 1063 1062 1061 1060 1059 1058 1057 1056 1055 1054 1053 1052 1051 1050
Freeblock 1099: 50 (max 50)
 843 842 841 840 839 838 837 836 835 834 833 832 831 830 829 828 952 951 950 949 948 947 946 945 944 943 942 941 940 1046 1045 1044 1043 1042 1041 1040 1039 1038 1037 1036 1035 1034 1033 1032 1047 1104 1103 1102 1101 1100
Freeblock 843: 50 (max 50)
 893 892 891 890 889 888 887 886 885 884 883 882 881 880 879 878 877 876 875 874 873 872 871 870 869 868 867 866 865 864 863 862 861 860 859 858 857 856 855 854 853 852 851 850 849 848 847 846 845 844
Freeblock 893: 50 (max 50)
 627 626 625 624 623 622 621 620 619 618 617 616 615 614 613 206 205 204 203 202 201 200 199 198 197 196 195 194 193 192 191 190 189 188 187 186 185 184 183 182 181 180 179 178 226 225 224 223 222 894
Freeblock 627: 50 (max 50)
 677 676 675 674 673 672 671 670 669 668 667 666 665 664 663 662 661 660 659 658 657 656 655 654 653 652 651 650 649 648 647 646 645 644 643 642 641 640 639 638 637 636 635 634 633 632 631 630 629 628
Freeblock 677: 50 (max 50)
 0 726 725 724 723 722 721 720 719 718 717 716 715 714 713 712 711 710 709 708 707 706 705 704 703 702 701 700 699 698 697 696 695 694 693 692 691 690 689 688 687 686 685 684 683 682 681 680 679 678

---------------------------------------
Examining 456 inodes
---------------------------------------

Reading inode 1
mode=0100000 (-------------)
nlink=0 uid=0 gid=0
atime=Mon Sep  9 23:22:54 1985
mtime=Mon Sep  9 23:22:54 1985
ctime=Mon Sep  9 23:22:54 1985
size=0 (this file uses at most 0 datablocks)
addr: 0 0 0 0 0 0 0 0 0 0 0 0 0

Reading inode 2
mode=040777 (d---rwxrwxrwx)
nlink=5 uid=26 gid=0
atime=Tue Mar 17 12:38:07 1987
mtime=Tue Mar 17 12:38:22 1987
ctime=Tue Mar 17 12:38:22 1987
size=816 (this file uses at most 2 datablocks)
addr: 60 1422 0 0 0 0 0 0 0 0 0 0 0
Direct blocks in inode: 60 1422
Contents of directory:
     2 '.'
     2 '..'
     3 'lost+found'
    28 'abc'
     4 'mega'
   117 'gigafile'
     7 'filsys'
   116 'eendir'

Reading inode 3
mode=040755 (d---rwxr-xr-x)
nlink=2 uid=26 gid=0
atime=Wed Feb 25 12:40:40 1987
mtime=Mon Sep  9 23:22:54 1985
ctime=Thu Sep 26 14:50:24 1985
size=32 (this file uses at most 1 datablocks)
addr: 59 0 0 0 0 0 0 0 0 0 0 0 0
Direct blocks in inode: 59
Contents of directory:
     3 '.'
     2 '..'

Reading inode 4
mode=0100644 (----rw-r--r--)
nlink=1 uid=31 gid=0
atime=Fri Feb 20 17:01:29 1987
mtime=Fri Feb 20 17:02:43 1987
ctime=Tue Mar 17 09:27:01 1987
size=1026086 (this file uses at most 2005 datablocks)
addr: 248 0 0 0 0 0 0 0 0 0 1421 1020 0
Direct blocks in inode: 248 0 0 0 0 0 0 0 0 0
Block numbers in level 1 indirection block 1421: 0 0 0 0 0 0 0 0 0 0 0 0 0 0 0 0 0 0 0 0 0 0 0 0 0 0 0 0 0 0 0 0 0 0 0 0 0 0 0 0 0 0 0 0 0 0 0 0 0 0 0 0 0 0 0 0 0 0 0 0 0 0 0 0 0 0 0 0 0 0 0 0 0 0 0 0 0 0 0 0 0 0 0 0 0 0 0 0 0 0 0 0 0 0 0 0 0 0 0 0 0 0 0 0 0 0 0 0 0 0 0 0 0 0 0 0 0 0 0 0 0 0 0 0 0 1423 0 0
Block numbers in level 2 indirection block 1020: [0] [0] [0] [0] [0] [0] [1021] 0 0 0 0 0 0 0 0 0 0 0 0 0 0 0 0 0 0 0 0 0 0 0 0 0 0 0 0 0 0 0 0 0 0 0 0 0 0 0 0 0 0 0 0 0 0 0 0 0 0 0 0 0 0 0 0 0 0 0 0 0 0 0 0 0 0 0 0 0 0 0 0 0 0 0 0 0 0 0 0 0 0 0 0 0 0 0 0 0 0 0 0 0 0 1022 0 0 0 0 0 0 0 0 0 0 0 0 0 0 0 0 0 0 0 0 0 0 0 0 0 0 0 0 0 0 0 0 0 [0] [0] [0] [0] [0] [0] [0] [241] 0 0 0 0 0 0 0 0 0 0 0 0 0 0 0 0 0 0 0 0 0 0 0 0 0 0 0 0 0 0 0 0 0 0 0 0 0 0 0 0 0 0 0 0 0 0 0 0 0 0 0 0 0 0 0 0 0 0 0 0 0 0 0 0 0 0 0 0 0 0 0 0 0 0 247

Reading inode 5
mode=0104777 (-u--rwxrwxrwx)
nlink=1 uid=31 gid=0
atime=Fri Feb 20 17:02:42 1987
mtime=Fri Feb 20 17:01:05 1987
ctime=Fri Feb 20 17:01:05 1987
size=5847 (this file uses at most 12 datablocks)
addr: 1424 936 927 928 937 934 935 1017 1018 926 929 0 0
Direct blocks in inode: 1424 936 927 928 937 934 935 1017 1018 926
Block numbers in level 1 indirection block 929: 1016 1019

Reading inode 6
mode=0100664 (----rw-rw-r--)
nlink=1 uid=31 gid=0
atime=Fri Feb 20 17:02:09 1987
mtime=Fri Feb 20 17:03:27 1987
ctime=Fri Feb 20 17:03:27 1987
size=28692 (this file uses at most 57 datablocks)
addr: 1023 1024 1025 1006 1007 1008 924 925 1430 1426 1425 0 0
Direct blocks in inode: 1023 1024 1025 1006 1007 1008 924 925 1430 1426
Block numbers in level 1 indirection block 1425: 939 1015 930 1012 1013 1014 1010 931 221 220 219 218 215 216 217 1427 1428 1429 938 244 245 246 240 285 286 287 242 243 269 270 271 272 1432 1011 932 933 1431 1437 1438 1439 1009 98 208 207 260 261 262

Reading inode 7
mode=040775 (d---rwxrwxr-x)
nlink=2 uid=31 gid=0
atime=Tue Mar 17 12:40:26 1987
mtime=Tue Mar 17 12:40:03 1987
ctime=Tue Mar 17 12:40:03 1987
size=176 (this file uses at most 1 datablocks)
addr: 263 0 0 0 0 0 0 0 0 0 0 0 0
Direct blocks in inode: 263
Contents of directory:
     7 '.'
     2 '..'
     8 'const.h'
    10 'fblk.h'
    11 'filsys.h'
    12 'ino.h'
    13 'macro.h'
    14 'param.h'
    15 'stat.h'
    16 'tune.h'
    17 'types.h'

Reading inode 8
mode=0100444 (----r--r--r--)
nlink=1 uid=31 gid=0
atime=Tue Mar 17 12:40:00 1987
mtime=Tue Mar 17 12:40:01 1987
ctime=Tue Mar 17 12:40:01 1987
size=1463 (this file uses at most 3 datablocks)
addr: 264 227 228 0 0 0 0 0 0 0 0 0 0
Direct blocks in inode: 264 227 228

Reading inode 9
mode=0100664 (----rw-rw-r--)
nlink=1 uid=31 gid=0
atime=Fri Feb 20 17:00:25 1987
mtime=Thu Feb 19 15:45:25 1987
ctime=Thu Feb 19 16:00:38 1987
size=713 (this file uses at most 2 datablocks)
addr: 1433 1434 0 0 0 0 0 0 0 0 0 0 0
Direct blocks in inode: 1433 1434

Reading inode 10
mode=0100444 (----r--r--r--)
nlink=1 uid=31 gid=0
atime=Tue Mar 17 12:40:01 1987
mtime=Tue Mar 17 12:40:01 1987
ctime=Tue Mar 17 12:40:01 1987
size=347 (this file uses at most 1 datablocks)
addr: 229 0 0 0 0 0 0 0 0 0 0 0 0
Direct blocks in inode: 229

Reading inode 11
mode=0100444 (----r--r--r--)
nlink=1 uid=31 gid=0
atime=Tue Mar 17 12:40:01 1987
mtime=Tue Mar 17 12:40:01 1987
ctime=Tue Mar 17 12:40:01 1987
size=1057 (this file uses at most 3 datablocks)
addr: 230 231 232 0 0 0 0 0 0 0 0 0 0
Direct blocks in inode: 230 231 232

Reading inode 12
mode=0100444 (----r--r--r--)
nlink=1 uid=31 gid=0
atime=Tue Mar 17 12:40:01 1987
mtime=Tue Mar 17 12:40:02 1987
ctime=Tue Mar 17 12:40:02 1987
size=1582 (this file uses at most 4 datablocks)
addr: 233 234 235 236 0 0 0 0 0 0 0 0 0
Direct blocks in inode: 233 234 235 236

Reading inode 13
mode=0100444 (----r--r--r--)
nlink=1 uid=31 gid=0
atime=Tue Mar 17 12:40:02 1987
mtime=Tue Mar 17 12:40:02 1987
ctime=Tue Mar 17 12:40:02 1987
size=1331 (this file uses at most 3 datablocks)
addr: 237 238 239 0 0 0 0 0 0 0 0 0 0
Direct blocks in inode: 237 238 239

Reading inode 14
mode=0100444 (----r--r--r--)
nlink=1 uid=31 gid=0
atime=Tue Mar 17 12:40:02 1987
mtime=Tue Mar 17 12:40:02 1987
ctime=Tue Mar 17 12:40:02 1987
size=114 (this file uses at most 1 datablocks)
addr: 273 0 0 0 0 0 0 0 0 0 0 0 0
Direct blocks in inode: 273

Reading inode 15
mode=0100444 (----r--r--r--)
nlink=1 uid=31 gid=0
atime=Tue Mar 17 12:40:02 1987
mtime=Tue Mar 17 12:40:02 1987
ctime=Tue Mar 17 12:40:02 1987
size=1004 (this file uses at most 2 datablocks)
addr: 274 275 0 0 0 0 0 0 0 0 0 0 0
Direct blocks in inode: 274 275

Reading inode 16
mode=0100444 (----r--r--r--)
nlink=1 uid=31 gid=0
atime=Tue Mar 17 12:40:02 1987
mtime=Tue Mar 17 12:40:02 1987
ctime=Tue Mar 17 12:40:02 1987
size=3537 (this file uses at most 7 datablocks)
addr: 276 258 259 282 283 284 280 0 0 0 0 0 0
Direct blocks in inode: 276 258 259 282 283 284 280

Reading inode 17
mode=0100444 (----r--r--r--)
nlink=1 uid=31 gid=0
atime=Tue Mar 17 12:40:03 1987
mtime=Tue Mar 17 12:40:03 1987
ctime=Tue Mar 17 12:40:03 1987
size=2316 (this file uses at most 5 datablocks)
addr: 281 288 289 290 278 0 0 0 0 0 0 0 0
Direct blocks in inode: 281 288 289 290 278

Reading inode 28
mode=0100664 (----rw-rw-r--)
nlink=1 uid=31 gid=0
atime=Thu Feb 19 16:03:12 1987
mtime=Thu Feb 19 16:03:12 1987
ctime=Thu Feb 19 16:03:12 1987
size=0 (this file uses at most 0 datablocks)
addr: 0 0 0 0 0 0 0 0 0 0 0 0 0

Reading inode 116
mode=041775 (d--trwxrwxr-x)
nlink=2 uid=31 gid=0
atime=Tue Mar 17 09:27:22 1987
mtime=Tue Mar 17 09:27:04 1987
ctime=Tue Mar 17 09:27:04 1987
size=112 (this file uses at most 1 datablocks)
addr: 249 0 0 0 0 0 0 0 0 0 0 0 0
Direct blocks in inode: 249
Contents of directory:
   116 '.'
     2 '..'
     9 'holes.c'
     5 'holes'
     6 'core'

Reading inode 117
mode=0100644 (----rw-r--r--)
nlink=1 uid=31 gid=0
atime=Thu Feb 19 15:58:01 1987
mtime=Thu Feb 19 15:59:35 1987
ctime=Tue Mar 17 09:27:01 1987
size=1074253350 (this file uses at most 2098152 datablocks)
addr: 213 0 0 0 0 214 0 0 0 0 1435 266 251
Direct blocks in inode: 213 0 0 0 0 214 0 0 0 0
Block numbers in level 1 indirection block 1435: 0 0 0 0 0 0 1436 0 0 0 0 0 0 0 0 0 0 0 0 0 0 0 0 0 0 0 0 0 0 0 0 0 0 0 0 0 0 0 0 0 0 0 0 0 0 0 0 0 0 0 0 0 0 0 0 0 0 0 0 0 0 0 0 0 0 0 0 0 0 0 0 0 0 0 0 0 0 0 0 0 0 0 0 0 0 0 0 0 0 0 0 0 0 0 0 0 0 0 0 0 0 0 0 0 0 0 0 0 0 0 0 0 0 0 0 0 0 0 0 0 0 0 0 0 277 0 0 0
Block numbers in level 2 indirection block 266: [0] [0] [0] [267] 0 0 0 0 0 0 0 0 0 0 0 0 0 0 0 0 0 0 0 0 0 0 0 0 0 0 0 0 0 0 0 0 0 0 0 0 0 0 0 0 0 0 0 0 0 0 0 0 0 0 0 0 0 0 0 0 0 0 0 0 0 0 0 0 0 0 0 0 0 0 0 0 0 0 0 0 268 0 0 0 0 0 0 0 0 0 0 0 0 0 0 0 0 0 0 0 0 0 0 0 0 0 0 0 0 0 0 0 0 0 0 0 0 0 0 0 0 0 0 0 0 0 0 0 0 0 0 0 [0] [0] [0] [0] [0] [0] [0] [0] [0] [0] [0] [0] [0] [0] [0] [0] [0] [0] [0] [0] [0] [0] [0] [0] [0] [0] [0] [0] [0] [0] [0] [0] [0] [0] [0] [0] [0] [0] [0] [0] [0] [0] [0] [0] [0] [0] [0] [0] [0] [0] [0] [0] [0] [0] [0] [0] [0] [0] [0] [0] [0] [0] [0] [0] [0] [0] [0] [0] [0] [0] [0] [0] [0] [0] [0] [0] [0] [0] [0] [0] [0] [0] [0] [0] [0] [0] [0] [0] [0] [0] [0] [0] [0] [0] [0] [0] [0] [0] [0] [0] [0] [0] [0] [0] [0] [0] [0] [0] [0] [0] [0] [0] [265] 0 0 0 0 0 0 0 0 0 0 0 0 0 0 0 250 0 0 0 0 0 0 0 0 0 0 0 0 0 0 0 0 0 0 0 0 0 0 0 0 0 0 0 0 0 0 0 0 0 0 0 0 0 0 0 0 0 0 0 0 0 0 0 0 0 0 0 0 0 0 0 0 0 0 0 0 0 0 0 0 0 0 0 0 0 0 0 0 0 0 0 0 0 0 0 0 0 0 0 0 0 0 0 0 0 0 0 0 0 0 0 0 0 0 0 0 0 0 0 0 0 0 0 0 0 0 0 0 [0] [0] [0] [0] [0] [0] [0] [0] [0] [0] [0]
Block numbers in level 3 indirection block 251: [[252]] [0] [0] [0] [0] [0] [0] [0] [0] [0] [0] [0] [0] [0] [0] [0] [0] [0] [0] [0] [0] [0] [0] [0] [0] [0] [0] [0] [0] [253] 0 0 0 0 0 0 0 0 0 0 0 0 0 0 0 0 0 0 0 0 0 0 0 0 0 0 0 0 0 0 0 0 0 0 0 0 0 0 0 0 0 0 0 0 0 0 0 0 254 0 0 0 0 0 0 0 0 0 0 0 0 0 0 0 0 0 0 0 0 0 0 0 0 0 0 0 0 0 0 0 0 0 0 0 0 0 0 0 0 0 0 0 0 0 0 0 0 0 0 0 0 0 0 0 0 0 0 0 0 0 0 0 0 0 0 0 0 0 0 0 0 0 0 0 0 0 0 0 [0] [0] [0] [0] [0] [0] [0] [0] [0] [0] [0] [0] [0] [0] [0] [0] [0] [0] [0] [0] [0] [0] [0] [0] [0] [0] [0] [0] [0] [0] [0] [0] [0] [0] [0] [0] [0] [0] [0] [0] [0] [0] [0] [0] [0] [0] [0] [0] [0] [0] [0] [0] [0] [0] [0] [0] [0] [0] [0] [0] [0] [0] [0] [0] [0] [0] [0] [0] [0] [0] [0] [0] [0] [0] [0] [0] [0] [0] [0] [0] [0] [0] [0] [0] [0] [0] [0] [0] [0] [0] [0] [0] [0] [0] [0] [0] [0] [0] [0] [[0]] [[0]] [[0]] [[0]] [[0]] [[0]] [[0]] [[0]] [[0]] [[0]] [[0]] [[0]] [[0]] [[0]] [[0]] [[0]] [[0]] [[0]] [[0]] [[0]] [[0]] [[0]] [[0]] [[0]] [[0]] [[0]] [[0]] [[0]] [[0]] [[0]] [[0]] [[0]] [[0]] [[0]] [[0]] [[0]] [[0]] [[0]] [[0]] [[0]] [[0]] [[0]] [[0]] [[0]] [[0]] [[0]] [[0]] [[0]] [[0]] [[0]] [[0]] [[0]] [[0]] [[0]] [[0]] [[0]] [[0]] [[0]] [[0]] [[0]] [[0]] [[0]] [[0]] [[0]] [[0]] [[0]] [[0]] [[0]] [[0]] [[0]] [[0]] [[0]] [[0]] [[0]] [[0]] [[0]] [[0]] [[0]] [[0]] [[0]] [[0]] [[0]] [[0]] [[0]] [[0]] [[0]] [[0]] [[0]] [[0]] [[0]] [[0]] [[0]] [[0]] [[0]] [[0]] [[0]] [[0]] [[0]] [[0]] [[0]] [[0]] [[0]] [[0]] [[0]] [[0]] [[0]] [[0]] [[0]] [[0]] [[0]] [[0]] [[0]] [[0]] [[0]] [[0]] [[0]] [[0]] [[0]] [[0]] [[0]] [[0]] [[0]] [[0]] [[0]] [[0]] [[0]] [[255]] [0] [0] [0] [0] [0] [0] [256] 0 0 0 0 0 0 0 0 0 0 0 0 0 0 0 0 0 0 0 0 0 0 0 0 0 0 0 0 0 0 0 0 0 0 0 0 0 0 0 0 0 0 0 0 0 0 0 0 0 0 0 0 0 0 0 0 0 0 0 0 0 0 0 0 0 0 0 0 0 0 0 0 0 0 0 0 0 0 0 0 0 0 0 0 0 0 0 0 0 0 0 0 0 257
---------------------------------------
Device: needed 102 reads for 501 requests (79% cache hitrate)
